   5.0000000e-05   0.0000000e+00   0.0000000e+00
   2.0000000e+00   0.0000000e+00   0.0000000e+00
   6.0000000e+00   0.0000000e+00   0.0000000e+00
  -9.4303489e-02  -5.5197117e-02  -3.4255993e-02
  -9.4391741e-02  -5.5240390e-02  -3.4278351e-02
  -9.4439479e-02  -5.5256670e-02  -3.4282411e-02
  -9.4454118e-02  -5.5251197e-02  -3.4271857e-02
  -9.4442531e-02  -5.5228827e-02  -3.4250101e-02
  -9.4411400e-02  -5.5194254e-02  -3.4220430e-02
   0.0000000e+00   0.0000000e+00   0.0000000e+00
   2.0840687e-02   9.6669898e-03   4.8516953e-03
   2.0810446e-02   9.6403622e-03   4.8310512e-03
   2.1166174e-02   9.8566856e-03   4.9687860e-03
   2.1876989e-02   1.0295302e-02   5.2509575e-03
   2.2921262e-02   1.0941299e-02   5.6672733e-03
   2.4282254e-02   1.1782667e-02   6.2092286e-03
